ACCURACIES: 
0.923201314119
0.922600593927
0.921800513847
0.915000073215
0.898801032111
0.86439998915
0.822801466117
0.9292
0.9288
0.9276
0.9212
0.912
0.8774
0.8372
0.9348
0.9334
0.932
0.924
0.9142
0.8856
0.8468

STDDEVs: 
0.00808139011799
0.00977920602521
0.00780624267655
0.0107787083988
0.0061078682085
0.00293905029119
0.00518928961594
0.00474973683482
0.00462168800332
0.00640624695122
0.00738647412505
0.00831865373723
0.00922171350672
0.0103227903205
0.0119398492453
0.00916733330909
0.0092951600309
0.0120332871652
0.0120813906484
0.0186719040272
0.0144277510375

K VALUES: 
1
3
5
10
20
50
100
1
3
5
10
20
50
100
1
3
5
10
20
50
100

NUMBER OF FOLDS: 
3
3
3
3
3
3
3
5
5
5
5
5
5
5
10
10
10
10
10
10
10
